196
9990 20
90932 97012 78087 15941 75856 65349 4701 84247 97185 74101 91768 67807 87181 68991 73697 12789 66763 86359 95940 18639
9984 20
71598 9593 74962 32827 23974 29999 45974 65749 72798 34198 44706 9833 21147 77724 91754 11821 55113 54516 39137 94149
9962 20
61263 96903 92955 32814 59462 75876 58369 94676 94146 84389 57707 16559 73156 29450 93742 27352 39096 23354 65389 88430
9951 20
30746 79279 99083 23612 51430 29724 44718 93979 49895 98805 30497 64155 77165 50703 15113 59129 75166 50730 6896 83863
9937 20
86547 93171 55483 32255 71638 19533 93635 66338 73695 16797 64210 23664 80087 8300 27017 67641 80626 93406 33274 65351
9900 20
97765 41059 84053 87020 80409 92581 56380 27869 84631 51525 41969 41733 73966 25784 90242 61359 25311 84632 71963 56629
9884 20
25211 28536 6323 20190 15040 69399 64705 82191 31633 3832 62799 40805 7455 18796 15029 72755 57860 53437 26703 20960
9873 20
75357 43377 71994 34943 83456 4663 21049 31850 12600 61023 45056 31740 95099 69032 69151 46637 786 13861 26306 96284
9870 20
34553 59381 84963 98810 26958 34399 91285 95460 40288 7031 65133 27792 10416 40333 35560 99838 49916 35036 68752 42155
9864 20
57304 71023 87077 7356 39604 54616 20449 74649 11576 63385 47069 3605 94143 89689 54687 90037 57004 49206 63611 43488
9855 20
60258 74200 83257 45533 55738 34698 84226 89198 14014 94033 64392 21342 79077 31629 2999 56073 18568 51479 24583 69233
9852 20
49328 65136 43414 43624 14664 11346 24273 77919 71367 17676 46923 87708 42466 47385 43809 6912 2901 76378 52206 22245
9847 20
40102 53569 49572 25360 83320 76930 96190 11764 81346 83562 98774 67470 90236 51583 34886 42249 31148 86436 37905 85170
9836 20
15151 78858 64956 79991 86374 32683 72558 92220 84746 85288 54368 65991 46523 10156 37094 34747 49563 32046 63244 93608
9821 20
53120 63208 39547 63571 59651 91297 32324 21714 93674 39084 58818 47720 56717 81806 78544 13743 77756 98068 95071 50004
9817 20
77427 30541 38749 19315 40632 79948 65590 52179 84904 97722 60663 91642 16753 36123 82066 14027 12825 85719 25197 68378
9806 20
3034 7833 27565 5897 66069 66792 23799 91531 48636 63040 51194 25166 32539 75753 17347 90405 26491 45685 5999 49240
9805 20
205 54566 53462 25462 3203 77204 55021 34639 60084 63350 85938 64975 69928 20438 82251 30928 61658 57977 23730 30299
9800 20
29458 21735 37308 50977 62670 39110 72219 83343 72334 97820 62235 42314 23887 27170 4382 16573 84088 65584 29173 87909
9795 20
82816 40005 63213 20885 76529 6194 21612 27957 51869 21198 17117 43506 66744 91990 41804 76716 34002 47305 20434 65418
9758 20
49715 92829 43086 90757 44790 21526 97551 46116 99058 96222 25650 24296 67697 77791 43987 2237 44423 1253 45366 65149
9749 20
94485 29324 31232 72750 97711 17246 96204 28937 52119 79235 64759 17147 15928 44371 73080 42492 84429 50273 1487 17275
9744 20
67430 25851 52079 6025 74301 1606 98560 61474 70085 60736 39222 76401 30916 62339 4325 9112 54079 96031 85878 12058
9742 20
86457 92795 69883 23257 41988 2043 15139 16453 62083 56708 15636 4826 90908 90040 34822 37045 85282 24423 37219 63731
9730 20
70796 24739 58576 55585 14811 22331 64189 86731 32356 95043 46789 90332 93533 77896 11655 9781 97708 19222 6266 53014
9719 20
74404 30244 24754 30907 25049 71837 46940 96587 93677 58109 55435 26098 68349 57958 43859 73150 54031 18188 5882 76970
9717 20
24005 49619 34430 89528 31613 8818 17131 80175 54700 81030 83029 53060 31011 80746 36358 71094 87353 10492 17668 85268
9713 20
60065 19566 25139 23881 68845 78852 16817 95474 2191 67220 80613 54868 18116 30492 6232 48285 91090 11934 62078 27696
9701 20
65966 27268 25174 1525 1052 8094 31395 15781 2818 68342 91110 62016 51074 83698 72243 31118 8182 15834 82937 86794
9694 20
39193 13030 727 42564 26048 87914 43383 87868 7128 97485 37977 88832 82890 21515 84433 80977 30232 35226 87803 23054
9656 20
69692 40244 29505 81346 67639 60770 67172 70693 5714 77205 46988 84892 41026 28586 1713 52553 96574 74266 58660 52737
9655 20
5292 7165 5944 71926 61251 83965 70360 93696 98296 4082 39298 42456 8161 79034 33270 67826 84734 15376 55741 729
9582 20
80930 79771 91380 49047 71517 84645 18295 65333 72460 62732 76051 38096 57117 15781 75325 82593 26027 72058 68781 25539
9577 20
39698 5681 2887 83169 49745 82330 77890 35161 47865 67762 22691 61011 47131 83488 70471 93253 25852 21792 32744 81441
9559 20
7111 16321 80588 11687 30813 88219 54135 24738 61391 3953 40956 56001 79592 69849 71098 81599 42264 53065 51270 16810
9553 20
86467 60561 22616 44997 10375 33033 42722 21529 87340 15090 73449 95899 66104 22578 84565 78814 64309 81772 45017 323
9550 20
13768 16900 62462 78565 42609 41342 7589 65218 72705 8236 4066 1235 72989 84170 77601 55522 24547 62549 96624 94058
9544 20
33301 60883 65299 46874 29572 65184 82980 69753 15330 15400 46689 87756 30467 80124 90056 67101 43595 83673 72748 52737
9542 20
1343 2475 73073 99532 72097 24731 32738 21298 19243 49944 56587 27284 3937 70893 8304 4220 46397 1617 30699 13310
9535 20
85320 36856 95388 48480 61221 97596 34938 79826 847 68240 43180 75980 54056 10660 34928 76331 64372 70220 37307 10276
9532 20
73879 33222 27272 87927 56984 14790 64187 89797 49784 34812 25943 87628 4121 37281 28367 96664 9505 50944 56724 39149
9516 20
36278 0 34582 77661 51247 63077 87026 82412 66578 62174 72198 92026 19298 27814 77075 70622 11898 69081 20852 15462
9488 20
35734 65239 48457 15888 18437 28230 54925 88831 46060 38918 84273 29148 6478 68383 56445 83841 64962 69093 2066 65138
9487 20
24335 64606 42850 62805 32525 32426 98040 76083 26750 6038 75819 54543 30970 32950 2958 75389 35812 72923 9282 52169
9478 20
6882 90594 2419 64328 18608 60581 94599 93245 48478 43515 89422 65135 46184 57190 66808 84397 55230 25069 24539 6005
9457 20
64646 96619 13922 12522 66224 83295 53331 57379 79222 67115 13995 62618 31648 42600 97548 68765 54094 702 80203 7798
9447 20
38493 70663 38593 673 76262 410 89681 38320 34612 76725 33653 90735 98621 61857 42871 20351 83518 38150 14339 63821
9440 20
60042 88545 35473 20738 42590 71602 25065 60637 64404 76767 57446 68836 46341 16011 94665 23845 77144 33453 92797 72655
9439 20
7389 62823 80028 36259 83579 14032 69622 42829 90522 64681 86053 3637 39744 43437 75271 93038 42652 32968 83006 72230
9432 20
2249 98418 56335 17858 81542 95835 11634 11793 96975 69921 82880 89583 29522 43546 76675 34357 1915 36104 16250 42127
9418 20
91655 20980 69177 26456 78381 62226 43477 76325 73199 92734 67217 39933 74813 38012 90469 55364 23166 6337 94844 31984
9408 20
48317 98520 59629 99762 61772 43375 81406 64511 63404 81284 64882 71497 96793 91917 80182 33926 69332 95378 61982 46642
9405 20
2702 37428 59715 47208 4871 17967 10613 35384 78778 8846 46421 3451 4380 96985 71535 85831 10460 94000 64695 73611
9396 20
54637 69794 6383 52455 73014 30473 33372 29758 64352 20884 78077 73282 39624 58484 56123 85956 50439 17547 14030 88981
9385 20
24193 8575 93522 9625 74211 81930 40842 79720 38728 15334 2103 45914 56501 80293 34059 35797 86652 35024 81874 11325
9384 20
17526 98552 90856 60477 27776 16419 35654 39072 35328 36659 96143 9274 65987 61627 35560 93752 35901 13118 55104 37785
9376 20
63874 62276 22372 65801 18129 16020 17407 82211 86351 88507 53837 49877 16849 55651 26277 75734 60033 88445 7392 15653
9374 20
98866 67873 30444 68468 27405 58252 64258 84389 32142 53404 74641 34342 39695 71447 87606 62463 45628 18321 77903 78977
9373 20
8126 70583 11392 75104 63585 38801 86777 26149 12790 47709 66104 4743 43687 67642 30136 71619 14100 54309 8685 42278
9366 20
75178 85910 82205 34693 73429 37545 12622 47150 23953 84561 39384 12263 7149 67766 27851 19637 60575 12057 77684 29358
9360 20
24107 21817 50690 10309 87026 56144 78325 80313 5046 30705 90434 65510 73221 34983 24559 82589 8808 53414 61639 79495
9347 20
84849 19208 35251 241 22785 77058 38170 30102 27944 74771 12232 79822 76358 91759 25111 83401 53868 91883 1736 46320
9328 20
5807 61504 22540 37468 7748 80047 4799 8379 66439 17398 93849 74267 39477 22415 53820 28141 43422 5484 57011 26607
9324 20
30985 86162 52872 22202 77640 75923 77543 99328 69318 20912 94552 11040 43475 99359 55572 71995 78619 4808 17174 72975
9320 20
58779 96861 96117 27517 55853 83071 41654 91662 8703 45600 23014 57361 11092 15928 24128 84428 98389 85759 21448 95570
9294 20
42080 72711 16973 96726 23597 68640 97076 42870 89243 7009 57516 37909 747 37479 48181 54341 59429 87581 33522 57295
9291 20
61965 53569 90997 18754 49163 67203 31620 98661 55315 21108 85620 77294 70367 28135 26874 18872 43178 28222 6043 66701
9269 20
86757 20210 9353 50815 26347 23676 93686 96352 76753 23128 37052 29253 59944 26592 19235 95977 17441 16975 57458 22497
9259 20
74440 88182 59748 27699 61950 99710 10014 41786 91925 26841 45917 49273 8067 27425 27456 87543 52538 56767 5466 75674
9240 20
88577 11357 69407 23512 59025 17342 65032 32795 5536 31536 82118 57037 40558 31823 25170 13842 24111 2366 82281 48360
9234 20
42971 31829 58337 71196 10263 72294 11624 48286 91185 36157 35863 24802 14268 6814 83647 97876 69021 92849 15062 28813
9223 20
79117 19206 99925 16943 82751 60316 51677 91989 21969 76369 49304 8897 91480 65124 4591 13571 65671 65343 97985 39553
9213 20
77782 53842 85258 23448 53196 96125 41888 47361 64112 6306 60571 95002 73271 78907 15280 33125 53140 6387 7026 76977
9190 20
96357 1958 45448 64270 18878 19799 36270 50787 26855 69650 73766 50452 36196 52626 81730 85464 6343 82163 37077 30253
9167 20
92920 73258 8367 77225 11176 71673 21547 85517 69956 40075 80895 67701 93263 3914 41561 27139 52473 30912 36578 93134
9151 20
49325 39121 87691 29763 59721 4598 49083 83569 33175 95891 82145 2175 18116 4327 64454 87444 69350 30530 79959 52753
9144 20
96621 54637 86011 84552 64712 253 60126 15122 20550 95617 29261 59014 74406 3719 9661 7877 85839 45728 22606 36689
9141 20
96702 19923 3131 24182 28760 23008 52412 44401 187 24181 30393 54002 26705 88834 49798 51256 21194 67421 66431 41506
9118 20
68079 73258 93276 91227 70030 18995 73969 98028 54996 74796 23943 42877 25154 34073 98092 32771 16910 20045 68533 11719
9094 20
57019 63761 28875 17127 68487 90170 35256 86300 53621 55849 15487 13876 96695 4986 36772 4512 46268 75717 89783 62949
9072 20
54949 42303 98242 935 74891 53381 11525 87923 42012 86150 84533 73801 63489 64115 30094 38255 30029 53740 10210 40199
9071 20
25835 31204 83218 95547 67721 91316 40649 90759 41982 21056 71336 69935 86439 12463 56557 48724 9845 2797 96832 42509
9070 20
1833 95623 26864 50741 79699 34749 28391 18933 48849 34078 41616 95459 18941 78692 78830 22344 46400 78622 12507 12301
9066 20
66300 80719 11625 86606 73467 78821 1232 86419 16172 53453 89128 66404 38650 9903 57252 58568 68939 17606 49881 47537
9031 20
78193 94189 56803 81538 60531 891 68389 42094 64707 17481 35648 30965 82491 45950 25318 61974 67908 33926 45846 59006
9014 20
76922 72528 48580 70324 73267 120 85543 45285 380 58181 86615 76375 52811 56149 24627 54011 97275 16391 97547 82025
9013 20
64716 79910 88859 28809 63012 56101 23750 45327 41657 52400 75957 97195 33431 73728 64041 46927 56551 49605 47364 92583
9011 20
36209 59915 91445 66746 93635 97859 84182 21190 81030 41392 92274 18690 21777 71955 22287 31352 72801 68078 28280 24903
9009 20
98025 59229 20148 80671 7107 73973 26898 8998 75540 48776 5182 17820 81625 28599 93609 61044 35006 90868 90468 98436
9007 20
81262 60182 80618 14445 4163 59658 12347 43561 14134 20795 44806 20561 29593 80807 92554 35901 95500 83338 84699 5882
9004 20
50181 36971 91454 15081 4126 97560 43022 47208 88047 99714 81614 56579 57502 94860 21376 2341 2861 90422 42909 35105
9002 20
62316 12124 91892 37414 52024 13716 74681 58943 86336 39863 99659 57226 2591 14234 49905 77985 31122 42901 16782 34020
8993 20
44224 17124 33743 64519 98136 187 39834 56391 847 92714 79606 87988 80539 61528 3099 76163 77108 66780 20746 4825
8984 20
97532 32331 63146 74661 29022 69829 7517 27151 52831 69578 48797 4737 66188 9453 95310 91919 55067 17908 57582 48952
8976 20
99108 935 11277 65931 89239 74851 53060 12849 78872 73120 10516 7834 3108 64180 33228 82073 43847 99779 51487 6077
8973 20
76599 52515 8089 94822 80592 18526 32010 72550 35726 20203 75414 54002 42555 6258 65888 82094 3804 16911 43139 103
8964 20
35362 76338 96959 31142 17605 15675 97490 83880 80136 43860 80145 58163 4600 93683 75538 88448 9849 9673 53561 64755
8931 20
44975 73422 46470 5681 56908 78860 95780 19568 30542 85129 9389 68618 14462 48430 99045 14270 73278 51296 64479 79669
8924 20
12031 37607 75238 70709 11531 35164 63884 4045 74346 94983 39946 96539 82408 19112 35280 43711 36417 18916 60589 3317
8922 20
85397 77920 65273 41981 18982 44118 54162 39595 50624 20304 42017 66324 65981 21587 96594 67842 89647 3565 81571 84996
8903 20
41038 78859 97455 2106 57343 23782 18017 25647 68033 15826 34201 36675 85260 72762 57029 99759 89694 97548 32021 27919
8896 20
57153 96932 9647 31074 20100 69415 38522 97426 32486 95375 82346 80737 45229 76707 64989 48716 31674 83277 96574 9218
8886 20
73342 23461 90886 58965 36959 64560 18605 88434 64210 15775 1613 92155 12761 69676 7105 5827 24698 32313 29895 34767
8881 20
87714 46870 10983 2323 76252 26481 26857 44273 39100 34154 20058 24006 29936 41064 4049 19065 95003 82095 44613 91574
8879 20
34976 43742 46449 1229 50012 80113 76499 42788 74457 99081 55425 61471 21564 61446 3454 85342 42340 40765 77080 28665
8871 20
93051 22656 33317 54889 12814 2013 14111 44006 11833 59423 75716 37707 1029 22043 1221 21236 12315 77712 54623 3231
8864 20
45015 2765 98952 52428 9988 68425 89664 66286 58855 84343 25442 59322 3644 123 10942 92168 3008 98665 29077 74161
8855 20
96934 45960 53255 91202 67913 89841 24195 43567 60260 33684 710 83507 2662 28196 20054 52502 77332 38041 24800 43694
8842 20
2310 8830 57948 60284 97569 4485 16556 84610 60736 73764 58556 61860 16674 73662 84653 17200 73532 57636 69462 75063
8835 20
76158 8070 83721 12648 9253 84070 33287 47244 69076 76591 67311 54458 50253 5706 69865 68308 59594 58209 32555 15596
8834 20
27790 33122 26969 32461 94166 47838 28952 15140 20112 94079 24810 57592 17043 29971 73288 27208 66250 80124 69488 47536
8819 20
33467 92904 85374 18627 52412 68223 86015 41099 76663 97109 29582 91989 15798 59111 65567 92088 59355 24333 31332 27865
8815 20
99096 79358 96637 64531 85085 85140 90531 77628 60735 14161 89261 13066 81427 55870 12267 81150 63130 36656 1827 39562
8784 20
5372 50502 51993 38343 10223 30512 37047 82046 87260 67980 79063 54925 75460 20152 33089 9527 65022 20149 25601 92449
8736 20
21646 8865 94262 80692 49650 69455 33504 66827 33706 350 38512 16084 85576 11859 90079 60008 5591 51427 24446 25964
8696 20
35619 45104 44776 86267 17085 89554 3876 87902 38304 24855 77630 82092 78115 2284 82577 94634 66416 42488 5076 65791
8691 20
48126 46058 1012 33992 55052 80049 35565 87419 18437 15480 78477 20152 50247 78715 55714 29434 85175 15371 11153 59290
8667 20
16853 31944 55112 74367 32738 88722 61719 39820 84876 32795 78772 43678 79800 69009 70217 70229 54750 33519 53250 87568
8638 20
87017 40119 18511 39805 25055 91850 46520 10409 32904 84669 9540 97823 91088 65334 85433 70594 99336 77450 51912 2416
8634 20
23976 34853 42327 6769 9430 88575 87760 36577 94148 48702 37942 45978 52063 35963 91775 54945 69194 96264 91370 84837
8619 20
13613 41380 36119 15338 84382 30076 2992 22350 79332 31004 15139 98662 63017 38880 74371 32981 13798 75063 75489 38054
8613 20
50683 34227 28574 89288 51849 93189 54571 34023 40149 9037 90998 1713 69355 91488 128 1234 84969 63359 36244 46159
8603 20
49284 92641 93806 17393 67950 15077 77171 26996 51605 66859 88111 82383 99141 37576 80506 32338 63466 31516 50825 75883
8573 20
97565 82508 36750 92039 14446 73303 51740 99199 56211 81121 94104 96415 11550 6736 45859 64224 28115 10743 48459 98654
8531 20
36364 65222 18210 51681 98543 47191 81979 29678 64312 76901 52444 87376 36051 95539 179 1931 63130 30210 45256 31881
8530 20
11503 81373 87719 5892 26138 53582 59089 88957 32631 2304 20859 16064 42760 19448 98024 99723 22968 96213 27044 82458
8521 20
64176 83416 49863 86004 86374 5922 3523 9525 52981 14317 66555 55003 92700 98065 53094 45102 75115 6293 94592 72412
8516 20
37749 7934 52966 40117 71570 97292 52095 98294 74223 12477 8108 39338 44249 98274 91035 75237 47954 69865 46251 78660
8482 20
70288 96977 78597 73754 63112 35307 57165 81431 79819 10884 67501 37324 61594 84574 47033 48488 80066 56376 15793 16809
8478 20
38417 94645 49053 78108 67611 97875 44006 40213 79995 64612 28855 31619 67813 10235 33549 62304 97559 46171 2578 58018
8477 20
98545 1345 74320 31932 2488 92382 63522 93866 5189 77580 39721 19176 94715 77335 17832 17685 64335 42039 69391 68110
8472 20
40905 96439 46723 37818 28863 42765 71149 52642 74540 99210 1120 47754 42883 88166 96632 87231 27105 15709 78122 31206
8438 20
3114 31212 41446 53808 68430 61081 97309 81484 13091 89572 28485 19863 24174 66624 38585 84615 32997 32161 10531 48060
8430 20
39698 59317 10110 73818 4944 4163 35641 83615 19526 309 2840 25295 93758 76893 93468 73008 25098 47508 15640 10029
8416 20
59464 96543 22603 92212 2651 57082 44880 49852 6931 63839 51676 1752 99590 68686 15175 17923 14421 75920 28068 40228
8415 20
49937 64311 95206 35542 22281 12713 60657 84351 58378 67938 72796 91987 49044 33500 69499 75736 39777 30125 99057 76527
8405 20
62327 75782 27052 17767 94531 8937 85493 4455 21434 2869 15557 14680 23404 86386 54822 29265 35887 70616 55744 11318
8397 20
31210 9817 5590 49023 94061 69177 59089 51866 1354 44684 1579 61890 11572 97489 72996 60563 93644 31618 65404 11403
8391 20
30772 53929 7061 63384 3636 85727 48123 92858 61249 89204 34392 47392 43078 24522 69383 96595 33601 8085 78938 83387
8390 20
70232 32568 42303 48266 60519 49743 87760 1030 90866 56049 52167 83316 17788 27709 65036 18962 9561 93150 90497 44742
8384 20
29310 76168 27699 71023 90223 79781 84313 24067 67329 15212 84933 67804 45614 54344 4986 37923 69826 34713 81966 89482
8375 20
17573 75034 27391 74433 28993 79370 35141 6573 16034 4205 79884 87518 25705 61531 46105 33294 97143 26179 95669 42320
8363 20
86460 75160 19297 8218 22066 24495 10067 58215 52197 4338 95698 79757 90492 77027 21268 21457 17958 421 13267 12905
8355 20
12111 57932 50935 12714 39239 70313 62236 75917 39679 94319 45253 30705 52061 73356 25848 84653 43464 96879 98742 85268
8345 20
82423 48534 68835 91466 26350 85410 8689 8265 16200 60517 28727 8424 81178 86617 81694 84526 63738 60500 53372 12395
8301 20
42833 77553 60520 77403 8668 33035 59243 80421 56580 68204 25209 94550 23887 73315 93091 86813 91618 79257 44378 79564
8297 20
30491 48359 80368 72104 80513 91344 58743 92390 26991 43510 35806 34832 63247 15300 72694 2569 87003 62555 44458 215
8288 20
11126 14251 51406 55696 65392 16193 41398 37087 66430 87187 79891 48140 38115 67118 59943 28143 24827 70475 3235 36652
8273 20
11245 23976 65136 86396 10161 60004 64349 84901 74051 59067 29692 91664 790 9629 74280 35136 3893 92926 75818 11081
8256 20
68335 54117 25039 20292 3418 11487 99689 84839 7932 177 24371 81585 32691 41512 69869 72918 12431 81915 72819 70836
8252 20
15644 24053 43887 1999 37139 22870 75849 36026 95482 70777 48007 41332 23250 36571 62528 7933 82089 29847 3773 66036
8212 20
41169 4768 67264 92063 98738 39943 61401 85229 94901 84168 94336 14000 35860 85748 87186 24265 65005 88135 66033 21974
8200 20
48365 89521 57780 58083 63840 9958 21967 94048 87560 26744 80417 32755 60023 15702 71052 37737 1334 91485 47114 22906
8154 20
31914 27950 34487 72355 38818 74864 9166 54153 60927 96609 2179 69752 3812 12247 9824 80683 23026 21478 7591 36818
8139 20
20698 57494 67726 30109 54522 68501 56432 99605 75548 98805 12427 8074 69867 93749 87734 10964 4255 15831 35907 56008
8110 20
72192 91336 31303 94203 56984 45337 38936 13435 54565 89872 72146 57256 7508 74360 94374 5736 14359 34147 99527 73153
8099 20
17593 79468 3692 9270 27412 56783 31370 68658 70865 30841 57619 90324 62421 22224 8566 26491 93601 96664 58652 93657
8094 20
60545 45377 71006 23067 93440 20842 1374 78683 11852 94704 78843 49193 1500 81479 73942 34473 30386 98112 35485 44179
8090 20
21659 98574 10894 13081 25274 75020 62498 64367 96783 14841 97779 17935 77959 29305 55153 55620 66402 39309 66999 45127
8089 20
45108 41762 54984 9116 44812 29833 80291 61881 81815 68676 6358 25009 33351 85408 76792 94255 68442 91715 31345 34919
8075 20
92108 91957 64482 69962 89686 16487 44525 28729 16535 12571 69878 85974 5356 86182 67814 47080 53858 75713 74208 28757
8068 20
48138 85603 49861 14876 21278 70103 94659 63084 57409 12653 37053 38135 92 40104 46044 69101 90397 42954 53934 83303
8067 20
20698 92659 97532 72144 68698 9790 13124 39993 98705 85351 42769 34293 86444 70016 41371 7533 48325 25539 82328 43454
8065 20
95677 44910 44390 45731 79065 71799 44824 85811 77007 64707 4287 2140 62633 20829 85306 57453 82938 487 27680 7788
8046 20
19009 1801 53710 47686 67877 80588 70965 59572 93679 13731 35624 53756 23451 70753 48638 89532 9462 52846 51652 16932
8027 20
98265 33448 57201 33227 16217 11158 47578 66273 42698 38730 76818 61414 31652 27758 11970 11234 28653 33808 50058 74019
7997 20
8970 94423 81732 89577 65034 60757 42436 85999 3937 77841 23304 2025 41178 92799 34090 15395 91856 39183 40197 50559
7986 20
43974 76969 17633 39489 48043 88254 68716 88322 48680 75993 86617 82154 21335 72772 50060 86348 52742 1173 80082 80852
7976 20
86662 54728 75356 29507 94433 99305 9001 7861 57388 91371 61796 81447 24809 12030 38002 53274 4164 17156 41006 98225
7953 20
76367 68367 5264 93292 52269 80570 91207 22620 25822 31686 90537 31151 55372 93054 77842 12863 69943 89599 97781 10059
7941 20
1674 47764 12230 67088 16769 77768 25652 81097 90872 8456 36385 67659 65329 31941 44955 6872 69892 82698 34063 10441
7937 20
32944 58431 48614 7517 78805 4329 81827 13847 48712 50105 34861 92731 97092 79984 74379 3015 12807 3518 12068 62239
7920 20
77123 7006 88474 39962 74158 73462 82750 9604 32889 99381 808 5772 13218 16447 22341 77008 12732 89857 42019 75802
7917 20
67168 54677 43116 15097 5922 87359 30828 17776 390 21461 14609 35311 816 26874 32556 30818 48777 99558 90294 24597
7915 20
18992 34481 84370 44172 63578 31875 40240 42153 51671 2984 47089 45680 92930 8085 44050 44434 99973 17288 46346 27513
7910 20
57938 8794 50267 99337 73452 21206 71592 61836 20787 67778 12077 10951 19839 32439 64885 53740 99522 97902 69760 97655
7878 20
36054 16297 20337 96265 22946 14498 52765 81610 40196 17893 39124 92359 58142 64892 87606 30048 34677 39750 3038 28003
7843 20
20265 17796 13585 31208 40070 5667 9698 99266 45791 15016 3970 75591 40884 44404 31352 74467 42817 77573 38684 9526
7833 20
48921 80729 81100 15040 75439 28263 13413 27970 13335 6455 25955 76171 17284 55296 951 77924 65603 82706 28929 96292
7819 20
47416 71839 45905 88097 42215 89224 58796 8183 21414 86747 20549 60221 53006 39170 32704 86604 1367 37514 58040 85469
7817 20
56470 99315 68511 74394 66355 63577 29661 75433 6618 9071 60228 4185 2242 67717 22717 56111 72040 57777 50495 38043
7782 20
25794 34599 831 81436 11179 20925 64187 49464 22326 89022 35762 55517 99438 54891 63147 58632 31891 17596 16366 85627
7765 20
74769 134 80836 4100 83124 93076 5186 87554 59560 59833 99283 50042 93509 35925 33599 87479 18516 50354 16248 84724
7763 20
19066 68755 12655 21690 5361 64178 4436 95717 18194 14149 22963 24817 24533 16058 95144 13082 95513 70401 21400 72077
7753 20
54794 20565 40904 63811 93271 61078 1329 30923 77982 92741 91502 49273 66184 80803 42937 51085 98850 73238 58291 86372
7748 20
19456 47953 34170 90231 35936 71239 58724 56177 6903 90146 17877 9749 86220 81834 9768 47744 29529 2479 62119 5310
7741 20
9181 17677 90671 18161 47448 21046 20515 87028 33656 29353 91219 84681 36635 45832 16857 82609 41489 56165 41997 18092
7734 20
95387 92277 95683 73853 76638 108 42257 25989 59922 27975 16254 60539 23806 12479 47672 90738 41152 70372 96541 10068
7732 20
78965 35838 62073 59179 6974 7447 71698 12833 53221 34297 86978 19159 49001 30839 82290 29420 13198 10798 68683 55802
7703 20
11933 95279 63948 44564 32939 68317 54345 89064 94079 79918 64877 32516 79496 79705 43787 96912 38896 50033 83945 25525
7702 20
44431 44954 69145 29319 42188 22798 10293 23592 68778 77442 95141 8305 84473 89217 57316 45200 81986 9761 5790 129
7697 20
16256 92944 53055 31717 7199 55316 90059 42257 21958 13320 47377 4912 90621 79512 64738 78094 23596 91280 43619 976
7582 20
37525 88057 33158 82778 1809 91952 74381 20934 48702 16226 47879 71537 84906 57028 62470 21340 29878 47593 69696 77684
7516 20
32105 4378 9207 33682 57087 23092 8639 25892 91721 72832 45618 82512 54684 70559 8224 44872 35605 73740 46465 39664
7358 20
8226 6016 41726 81897 46729 65508 65619 36550 63957 45114 59605 34271 81543 47834 46203 30585 67570 34122 51487 88944
4871 20
920 12492 79041 29616 52743 42134 10014 2030 11543 55914 58146 68337 17652 50357 83073 18945 98377 17164 66996 72701
